#nbDays #nbSlotsOfHalfDay
5  3
#nbClasses
10
#nbTeacher
50
teacher busy_day busy_slot
-1
nbCourses
50
#Course Teacher Class
0 0 0
1 1 0
2 2 0
3 3 0
4 4 0
5 5 1
6 6 1
7 7 1
8 8 1
9 9 1
10 10 2
11 11 2
12 12 2
13 13 2
14 14 2
15 15 3
16 16 3
17 17 3
18 18 3
19 19 3
20 20 4
21 21 4
22 22 4
23 23 4
24 24 4
25 25 5
26 26 5
27 27 5
28 28 5
29 29 5
30 30 6
31 31 6
32 32 6
33 33 6
34 34 6
35 35 7
36 36 7
37 37 7
38 38 7
39 39 7
40 40 8
41 41 8
42 42 8
43 43 8
44 44 8
45 45 9
46 46 9
47 47 9
48 48 9
49 49 9
-1
#nbFCourses
150
#FCourse Course x_teacher x_day x_slot x_room (The question is which variable need to be found first? x_day, x_slot, x_room or x_teacher?) 
0 0
1 0
2 0
3 1
4 1
5 1
6 2
7 2
8 2
9 3
10 3
11 3
12 4
13 4
14 4
15 5
16 5
17 5
18 6
19 6
20 6
21 7
22 7
23 7
24 8
25 8
26 8
27 9
28 9
29 9
30 10
31 10
32 10
33 11
34 11
35 11
36 12
37 12
38 12
39 13
40 13
41 13
42 14
43 14
44 14
45 15
46 15
47 15
48 16
49 16
50 16
51 17
52 17
53 17
54 18
55 18
56 18
57 19
58 19
59 19
60 20
61 20
62 20
63 21
64 21
65 21
66 22
67 22
68 22
69 23
70 23
71 23
72 24
73 24
74 24
75 25
76 25
77 25
78 26
79 26
80 26
81 27
82 27
83 27
84 28
85 28
86 28
87 29
88 29
89 29
90 30
91 30
92 30
93 31
94 31
95 31
96 32
97 32
98 32
99 33
100 33
101 33
102 34
103 34
104 34
105 35
106 35
107 35
108 36
109 36
110 36
111 37
112 37
113 37
114 38
115 38
116 38
117 39
118 39
119 39
120 40
121 40
122 40
123 41
124 41
125 41
126 42
127 42
128 42
129 43
130 43
131 43
132 44
133 44
134 44
135 45
136 45
137 45
138 46
139 46
140 46
141 47
142 47
143 47
144 48
145 48
146 48
147 49
148 49
149 49
-1
